Ax,Ay,Az,Gx,Gy,Gz
0.9974365234375,0.112548828125,0.1431884765625,-2.50244140625,6.7138671875,0
1.000244140625,0.10498046875,0.158447265625,-3.41796875,6.34765625,-0.1220703125
0.9970703125,0.1094970703125,0.1402587890625,-4.5166015625,5.55419921875,-0.1220703125
0.9967041015625,0.111083984375,0.144287109375,-4.0283203125,4.7607421875,-0.244140625
0.999755859375,0.1097412109375,0.138671875,-4.21142578125,4.94384765625,-0.48828125
0.9990234375,0.1019287109375,0.137451171875,-6.34765625,5.0048828125,-0.54931640625
1,0.1082763671875,0.1324462890625,-3.7841796875,5.31005859375,-0.244140625
0.9996337890625,0.1048583984375,0.136474609375,-4.0283203125,5.43212890625,-0.48828125
0.9986572265625,0.1026611328125,0.134765625,-4.2724609375,5.18798828125,-0.1220703125
0.99755859375,0.1153564453125,1.2584228515625,690.3076171875,263.00048828125,37.353515625
0.0504150390625,-0.4754638671875,-0.5726318359375,-40.10009765625,29.35791015625,11.962890625
0.08349609375,-0.3916015625,-0.8673095703125,-25.93994140625,19.04296875,1.5869140625
0.1788330078125,-0.3380126953125,-0.85595703125,-5.2490234375,-1.3427734375,-1.708984375
0.125,-0.390380859375,-1.0416259765625,-206.787109375,528.62548828125,-93.75
2.3414306640625,0.0506591796875,0.1175537109375,-26.2451171875,7.6904296875,2.3193359375
0.988037109375,0.1763916015625,0.199462890625,-3.23486328125,-10.1318359375,-6.8359375
0.98779296875,0.1685791015625,0.138671875,-2.685546875,5.55419921875,-2.8076171875
0.989501953125,0.1771240234375,0.127197265625,-5.4931640625,6.34765625,-0.8544921875
0.9937744140625,0.168212890625,0.1134033203125,-9.033203125,39.1845703125,-9.765625
0.9945068359375,0.2197265625,0.1273193359375,-18.37158203125,27.77099609375,-1.40380859375
0.993408203125,0.2294921875,-0.0333251953125,-198.79150390625,-71.83837890625,-89.90478515625
0.9130859375,0.0068359375,0.32861328125,-49.98779296875,-11.8408203125,-2.3193359375
0.9779052734375,0.024169921875,0.3621826171875,4.7607421875,-9.1552734375,29.4189453125
0.995849609375,0.0987548828125,0.30224609375,0.48828125,-3.7841796875,-32.3486328125
